kcat = [
  {exploc = 14.9599, scale = 0.5, reaction = "DDPA", enzyme = "DDPA1"},
  {exploc = 4.502, scale = 0.5, reaction = "DHQS", enzyme = "DHQS1"},
  {exploc = 4.8721, scale = 0.5, reaction = "DHQTi", enzyme = "DHQTi1"},
  {exploc = 4.8721, scale = 0.5, reaction = "DHQTi", enzyme = "DHQTi2"},
  {exploc = 21.5748, scale = 0.5, reaction = "SHK3Dr", enzyme = "SHK3Dr1"},
  {exploc = 5.4733, scale = 0.5, reaction = "SHKK", enzyme = "SHKK1"},
  {exploc = 21.9962, scale = 0.5, reaction = "PSCVT", enzyme = "PSCVT1"},
  {exploc = 16.1321, scale = 0.5, reaction = "CHORS", enzyme = "CHORS1"},
  {exploc = 39, scale = 0.5, reaction = "CHORM", enzyme = "CHORM1"},
  {exploc = 21.3, scale = 0.5, reaction = "PPNDH", enzyme = "PPNDH"},
  {exploc = 106.9082, scale = 0.5, reaction = "PHETA1", enzyme = "PHETA11"},
  {exploc = 106.9082, scale = 0.5, reaction = "PHETA1", enzyme = "PHETA12"},
  {exploc = 106.9082, scale = 0.5, reaction = "PHETA1", enzyme = "PHETA13"},
  {exploc = 3.5347, scale = 0.5, reaction = "PPND", enzyme = "PPND1"},
  {exploc = 106.9082, scale = 0.5, reaction = "TYRTA", enzyme = "TYRTA1"},
  {exploc = 106.9082, scale = 0.5, reaction = "TYRTA", enzyme = "TYRTA2"},
  {exploc = 106.9082, scale = 0.5, reaction = "TYRTA", enzyme = "TYRTA3"},
]

km = [
  {exploc =0.001039824021, scale = 0.5, metabolite = "pep", compartment = "c", enzyme = "DDPA1"},
  {exploc =0.000337332304, scale = 0.5, metabolite = "e4p", compartment = "c", enzyme = "DDPA1"},
  {exploc =0.000077805562, scale = 0.5, metabolite = "2dda7p", compartment = "c", enzyme = "DHQS1"},
  {exploc =0.00015630567, scale = 0.5, metabolite = "3dhq", compartment = "c", enzyme = "DHQTi1"},
  {exploc =0.00015630567, scale = 0.5, metabolite = "3dhq", compartment = "c", enzyme = "DHQTi2"},
  {exploc =0.0027875799039025102, scale = 0.5, metabolite = "3dhsk", compartment = "c", enzyme = "SHK3Dr1"},
  {exploc =0.000223111373, scale = 0.5, metabolite = "nadph", compartment = "c", enzyme = "SHK3Dr1"},
  {exploc =0.00012691731300000001, scale = 0.5, metabolite = "skm", compartment = "c", enzyme = "SHKK1"},
  {exploc =0.000254997605, scale = 0.5, metabolite = "atp", compartment = "c", enzyme = "SHKK1"},
  {exploc =0.000007000064999999999, scale = 0.5, metabolite = "skm5p", compartment = "c", enzyme = "PSCVT1"},
  {exploc =0.000012431204, scale = 0.5, metabolite = "pep", compartment = "c", enzyme = "PSCVT1"},
  {exploc =0.000111432402643747, scale = 0.5, metabolite = "3psme", compartment = "c", enzyme = "CHORS1"},
  {exploc =0.000111432402643747, scale = 0.5, metabolite = "chor", compartment = "c", enzyme = "CHORM1"},
  {exploc =0.0008638800836149581, scale = 0.5, metabolite = "pphn", compartment = "c", enzyme = "PPNDH1"},
  {exploc =0.000147315805, scale = 0.5, metabolite = "akg", compartment = "c", enzyme = "PHETA11"},
  {exploc =0.00014606082200000002, scale = 0.5, metabolite = "phe", compartment = "c", enzyme = "PHETA11"},
  {exploc =0.000125082106, scale = 0.5, metabolite = "glu", compartment = "c", enzyme = "PHETA11"},
  {exploc =0.000148141878, scale = 0.5, metabolite = "phpyr", compartment = "c", enzyme = "PHETA11"},
  {exploc =0.000147315805, scale = 0.5, metabolite = "akg", compartment = "c", enzyme = "PHETA12"},
  {exploc =0.00014606082200000002, scale = 0.5, metabolite = "phe", compartment = "c", enzyme = "PHETA12"},
  {exploc =0.000125082106, scale = 0.5, metabolite = "glu", compartment = "c", enzyme = "PHETA12"},
  {exploc =0.000148141878, scale = 0.5, metabolite = "phpyr", compartment = "c", enzyme = "PHETA12"},
  {exploc =0.000147315805, scale = 0.5, metabolite = "akg", compartment = "c", enzyme = "PHETA13"},
  {exploc =0.00014606082200000002, scale = 0.5, metabolite = "phe", compartment = "c", enzyme = "PHETA13"},
  {exploc =0.000125082106, scale = 0.5, metabolite = "glu", compartment = "c", enzyme = "PHETA13"},
  {exploc =0.000148141878, scale = 0.5, metabolite = "phpyr", compartment = "c", enzyme = "PHETA13"},
  {exploc =0.000906028038445014, scale = 0.5, metabolite = "nad", compartment = "c", enzyme = "PPND1"},
  {exploc =0.0008638800836149581, scale = 0.5, metabolite = "pphn", compartment = "c", enzyme = "PPND1"},
  {exploc =0.0006697665659999999, scale = 0.5, metabolite = "akg", compartment = "c", enzyme = "TYRTA1"},
  {exploc =0.000086673293, scale = 0.5, metabolite = "tyr", compartment = "c", enzyme = "TYRTA1"},
  {exploc =0.000520039819, scale = 0.5, metabolite = "glu", compartment = "c", enzyme = "TYRTA1"},
  {exploc =0.00007360914, scale = 0.5, metabolite = "34hpp", compartment = "c", enzyme = "TYRTA1"},
  {exploc =0.0006697665659999999, scale = 0.5, metabolite = "akg", compartment = "c", enzyme = "TYRTA2"},
  {exploc =0.000086673293, scale = 0.5, metabolite = "tyr", compartment = "c", enzyme = "TYRTA2"},
  {exploc =0.000520039819, scale = 0.5, metabolite = "glu", compartment = "c", enzyme = "TYRTA2"},
  {exploc =0.00007360914, scale = 0.5, metabolite = "34hpp", compartment = "c", enzyme = "TYRTA2"},
  {exploc =0.0006697665659999999, scale = 0.5, metabolite = "akg", compartment = "c", enzyme = "TYRTA3"},
  {exploc =0.000086673293, scale = 0.5, metabolite = "tyr", compartment = "c", enzyme = "TYRTA3"},
  {exploc =0.000520039819, scale = 0.5, metabolite = "glu", compartment = "c", enzyme = "TYRTA3"},
  {exploc =0.00007360914, scale = 0.5, metabolite = "34hpp", compartment = "c", enzyme = "TYRTA3"},
]

conc_unbalanced = [
  {metabolite = "pep", compartment = "c", experiment = "condition1",    pct1= 0.000170069,   pct99= 0.00299344},
  {metabolite = "e4p", compartment = "c", experiment = "condition1",    pct1= 0.00000102107, pct99= 0.0001},
  {metabolite = "pi", compartment = "c", experiment = "condition1",     pct1= 0.00001,       pct99= 0.01},
  {metabolite = "nadp", compartment = "c", experiment = "condition1",   pct1= 0.00000548865, pct99= 0.00131574},
  {metabolite = "nadph", compartment = "c", experiment = "condition1",  pct1= 0.00000010000000000000001,     pct99= 0.036485300000000005},
  {metabolite = "atp", compartment = "c", experiment = "condition1",    pct1= 0.000030121,   pct99= 0.03},
  {metabolite = "adp", compartment = "c", experiment = "condition1",    pct1= 0.000042771499999999995,  pct99= 0.0041867},
  {metabolite = "co2", compartment = "c", experiment = "condition1",  exploc= 0.000013599999999999999, scale = 0.2},
  {metabolite = "akg", compartment = "c", experiment = "condition1",    pct1= 0.000052499999999999995,     pct99= 0.0021172450000000002},
  {metabolite = "phe", compartment = "c", experiment = "condition1",    pct1= 0.000015100000000000001,     pct99= 0.000095},
  {metabolite = "glu", compartment = "c", experiment = "condition1",    pct1= 0.00008981693, pct99= 0.01},
  {metabolite = "nad", compartment = "c", experiment = "condition1",    pct1= 0.0000064000000000000006,     pct99= 0.000652417},
  {metabolite = "nadh", compartment = "c", experiment = "condition1",   pct1= 0.00000010000000000000001,     pct99= 0.003337095},
  {metabolite = "tyr", compartment = "c", experiment = "condition1",    pct1= 0.0000129,     pct99= 0.001778589},
]


conc_enzyme = [
  {experiment = "condition1", enzyme = "DDPA1", exploc = 5.894030708000001e-10, scale = 0.25},
  {experiment = "condition1", enzyme = "DHQS1", exploc = 5.3495528880000004e-11, scale = 0.25},
  {experiment = "condition1", enzyme = "DHQTi1", exploc = 1.942657818e-11, scale = 0.25},
  {experiment = "condition1", enzyme = "DHQTi2", exploc = 1.1722025140000001e-09, scale = 0.25},
  {experiment = "condition1", enzyme = "SHK3Dr1", exploc = 1.77620109e-11, scale = 0.25},
  {experiment = "condition1", enzyme = "SHKK1", exploc = 2.087093816e-11, scale = 0.25},
  {experiment = "condition1", enzyme = "PSCVT1", exploc = 9.688899080000001e-11, scale = 0.25},
  {experiment = "condition1", enzyme = "CHORS1", exploc = 1.468474808e-10, scale = 0.25},
  {experiment = "condition1", enzyme = "CHORM1", exploc = 0.001, scale = 0.25},
  {experiment = "condition1", enzyme = "PPNDH1", exploc = 5.6332729340000005e-12, scale = 0.25},
  {experiment = "condition1", enzyme = "PHETA11", exploc = 1.13116461e-10, scale = 0.25},
  {experiment = "condition1", enzyme = "PHETA12", exploc = 5.004388280000001e-10, scale = 0.25},
  {experiment = "condition1", enzyme = "PHETA13", exploc = 1.077891596e-10, scale = 0.25},
  {experiment = "condition1", enzyme = "PPND1", exploc = 4.747243658e-12, scale = 0.25},
  {experiment = "condition1", enzyme = "TYRTA1", exploc = 1.13116461e-10, scale = 0.25},
  {experiment = "condition1", enzyme = "TYRTA2", exploc = 5.004388280000001e-10, scale = 0.25},
  {experiment = "condition1", enzyme = "TYRTA3", exploc = 1.077891596e-10, scale = 0.25},
]

[dgf]
ids = [ "pep", "e4p", "pi", "2dda7p", "3dhq", "3dhsk", "skm", "nadp", "nadph", "atp", "adp", "skm5p", "3psme", "chor", "pphn", "co2", "phpyr", "akg", "phe", "glu", "nad", "nadh", "34hpp", "tyr",]
mean_vector = [ -1187.9781843917, -1138.9134394262, -1055.4711071927, -1496.7156679548, -591.5718357627, -445.9189410256, -386.2676586394, -2016.5052486697, -1950.3238942947, -2263.6274533927, -1388.7412412051, -1287.3695438349, -1436.3548398059, -426.4442807261, -475.1137267338, -386.0, -2.89771049, -619.879903684, 272.4389963618, -344.6195708179, -1128.8599592068, -1062.6807489268, -166.0774663008, 108.8068652768,]
covariance_matrix = [ [ 1.4667078296, 0.1975506936, -0.0202493238, -0.0, -0.0588776374, 0.2230699628, 0.0659947693, 0.2349958901, 0.0779206965, 0.3779798438, 0.1437658365, 0.0, 0.0, 0.0260897191, 0.0, 0.0, 0.2200384905, 0.2389679419, 0.0, 0.0189294513, 0.0007818827, -0.1705275747, 0.2200384905, -0.0,], [ 0.1975506936, 4.303509225, 0.0981342987, -0.0, -0.0244674406, -0.014864198, 0.0197426143, 0.0632593051, 0.0978661174, 0.2374458224, 0.1158320728, 0.0, 0.0, 0.0338259284, -0.0, -0.0, 0.0265496879, 0.0222727103, 0.0, -0.0042769777, -0.0583544446, -0.0142979796, 0.0265496879, -0.0,], [ -0.0202493238, 0.0981342987, 1.3986447876, 0.0, 0.1238529921, -0.2715254192, -0.1228401864, -0.065948247, 0.0827369858, 0.2588681125, 0.1180043227, 0.0, 0.0, 0.0458654621, 0.0, -0.0, -0.0545786316, -0.0713848892, -0.0, -0.0168062576, -0.2068120368, -0.0601524155, -0.0545786316, -0.0,], [ -0.0, -0.0, 0.0, 2.7423399298, 0.8623073437, 0.8623073437, 0.8623073437, 1.2555321788, 1.2555321788, -0.0, 0.0, 1.2872937375, 1.8004719998, 1.0870323413, 2.1366620656, -0.0, -0.0, 0.0, -0.0, 0.0, 1.2555321788, 1.2555321788, 0.0, 0.0,], [ -0.0588776374, -0.0244674406, 0.1238529921, 0.8623073437, 39.1446130695, 35.9441423863, 35.4558460184, -4.5364547762, -4.5949578383, -0.0746767765, -0.0275670654, 32.0808192333, 32.3442012693, 35.7572546084, 47.3043136182, -0.0, 0.0942464455, 0.0950825918, 0.0, 0.0008361463, -4.4893450652, -4.5384688463, 0.0942464455, 0.0,], [ 0.2230699628, -0.014864198, -0.2715254192, 0.8623073437, 35.9441423863, 38.811827417, 37.793548541, -4.2776946306, -4.5318215768, 0.1634252444, 0.0589599159, 32.0808192332, 32.3442012693, 35.6826874489, 47.3043136182, -0.0, 0.1327141896, 0.1054069451, 0.0, -0.0273072445, -4.3821599591, -4.620834033, 0.1327141896, 0.0,], [ 0.0659947693, 0.0197426143, -0.1228401864, 0.8623073437, 35.4558460184, 37.793548541, 39.9623551378, -4.4739252846, -4.3748219607, 0.0747449712, 0.0260976496, 32.0808192333, 32.3442012693, 35.7157393734, 47.3043136182, -0.0, -0.090435718, -0.0976861521, 0.0, -0.0072504341, -4.5225726062, -4.4892169338, -0.090435718, 0.0,], [ 0.2349958901, 0.0632593051, -0.065948247, 1.2555321788, -4.5364547762, -4.2776946306, -4.4739252846, 46.9519780545, 46.4784222986, 0.642006242, 0.4027584316, -1.0379842972, 2.5628656363, 6.5399272194, 7.5992077734, 0.0, 0.0840814405, 0.0312683506, -0.0, -0.0528130899, 41.2778854727, 41.0894791737, 0.0840814405, -0.0,], [ 0.0779206965, 0.0978661174, 0.0827369858, 1.2555321788, -4.5949578383, -4.5318215768, -4.3748219607, 46.4784222986, 46.9287684494, 0.5533259689, 0.3698961653, -1.0379842972, 2.5628656363, 6.5729791439, 7.5992077734, 0.0, -0.1390684672, -0.1718247466, -0.0, -0.0327562794, 41.1374728256, 41.2210962729, -0.1390684672, -0.0,], [ 0.3779798438, 0.2374458224, 0.2588681125, -0.0, -0.0746767765, 0.1634252444, 0.0747449712, 0.642006242, 0.5533259689, 2.2840123121, 1.695559566, -0.0, -0.0, -0.0988809633, -0.0, 0.0, -0.1079815056, -0.1523977297, 0.0, -0.0444162241, 0.1175088882, 0.0286922256, -0.1079815056, -0.0,], [ 0.1437658365, 0.1158320728, 0.1180043227, 0.0, -0.0275670654, 0.0589599159, 0.0260976496, 0.4027584316, 0.3698961653, 1.695559566, 2.2425191805, -0.0, -0.0, -0.0716649559, -0.0, 0.0, -0.1100135279, -0.0775218776, 0.0, 0.0324916503, 0.2097622169, 0.1798387823, -0.1100135279, -0.0,], [ 0.0, 0.0, 0.0, 1.2872937375, 32.0808192333, 32.0808192332, 32.0808192333, -1.0379842972, -1.0379842972, -0.0, -0.0, 33.5346991288, 32.5076001064, 35.2679342296, 43.401836623, -0.0, 0.0, 0.0, 0.0, 0.0, -1.0379842972, -1.0379842972, 0.0, 0.0,], [ 0.0, 0.0, 0.0, 1.8004719998, 32.3442012693, 32.3442012693, 32.3442012693, 2.5628656363, 2.5628656363, -0.0, -0.0, 32.5076001064, 37.8637299872, 40.6088782307, 47.1392892982, -0.0, -0.0, 0.0, 0.0, 0.0, 2.5628656363, 2.5628656363, 0.0, 0.0,], [ 0.0260897191, 0.0338259284, 0.0458654621, 1.0870323413, 35.7572546084, 35.6826874489, 35.7157393734, 6.5399272194, 6.5729791439, -0.0988809633, -0.0716649559, 35.2679342296, 40.6088782307, 60.1789837218, 71.1720358194, 0.0, 0.3948800579, 0.1954356471, 0.0, -0.1994444108, 6.5671432268, 6.5997340873, 0.3948800579, 0.0,], [ 0.0, -0.0, 0.0, 2.1366620656, 47.3043136182, 47.3043136182, 47.3043136182, 7.5992077734, 7.5992077734, -0.0, -0.0, 43.401836623, 47.1392892982, 71.1720358194, 107.6672738346, 0.0, -0.0, 0.0, 0.0, 0.0, 7.5992077734, 7.5992077734, -0.0, 0.0,], [ 0.0, -0.0, -0.0, -0.0, -0.0, -0.0, -0.0, 0.0, 0.0, 0.0, 0.0, -0.0, -0.0, 0.0, 0.0, 9.6859334517, -0.0, 0.0, -0.0, 0.0, 0.0, 0.0, 0.0, -0.0,], [ 0.2200384905, 0.0265496879, -0.0545786316, -0.0, 0.0942464455, 0.1327141896, -0.090435718, 0.0840814405, -0.1390684672, -0.1079815056, -0.1100135279, 0.0, -0.0, 0.3948800579, -0.0, -0.0, 15.0914171059, 0.6016507806, 8.5958661157, -0.4570921572, 0.0820494182, -0.1487219445, 1.0587429378, -0.0,], [ 0.2389679419, 0.0222727103, -0.0713848892, 0.0, 0.0950825918, 0.1054069451, -0.0976861521, 0.0312683506, -0.1718247466, -0.1523977297, -0.0775218776, 0.0, 0.0, 0.1954356471, 0.0, 0.0, 0.6016507806, 2.0709119309, 0.0, 1.1011531499, 0.1061442027, -0.0917417739, 0.6016507806, 0.0,], [ 0.0, 0.0, -0.0, -0.0, 0.0, 0.0, 0.0, -0.0, -0.0, 0.0, 0.0, 0.0, 0.0, 0.0, 0.0, -0.0, 8.5958661157, 0.0, 9.0659970743, -0.0, -0.0, -0.0, 0.0, -0.0,], [ 0.0189294513, -0.0042769777, -0.0168062576, 0.0, 0.0008361463, -0.0273072445, -0.0072504341, -0.0528130899, -0.0327562794, -0.0444162241, 0.0324916503, 0.0, 0.0, -0.1994444108, 0.0, 0.0, -0.4570921572, 1.1011531499, -0.0, 1.6139476196, 0.0240947845, 0.0569801706, -0.4570921572, 0.0,], [ 0.0007818827, -0.0583544446, -0.2068120368, 1.2555321788, -4.4893450652, -4.3821599591, -4.5225726062, 41.2778854727, 41.1374728256, 0.1175088882, 0.2097622169, -1.0379842972, 2.5628656363, 6.5671432268, 7.5992077734, 0.0, 0.0820494182, 0.1061442027, -0.0, 0.0240947845, 44.9218061353, 44.6789721766, 0.0820494182, -0.0,], [ -0.1705275747, -0.0142979796, -0.0601524155, 1.2555321788, -4.5384688463, -4.620834033, -4.4892169338, 41.0894791737, 41.2210962729, 0.0286922256, 0.1798387823, -1.0379842972, 2.5628656363, 6.5997340873, 7.5992077734, 0.0, -0.1487219445, -0.0917417739, -0.0, 0.0569801706, 44.6789721766, 46.1405675491, -0.1487219445, -0.0,], [ 0.2200384905, 0.0265496879, -0.0545786316, 0.0, 0.0942464455, 0.1327141896, -0.090435718, 0.0840814405, -0.1390684672, -0.1079815056, -0.1100135279, 0.0, 0.0, 0.3948800579, -0.0, 0.0, 1.0587429378, 0.6016507806, 0.0, -0.4570921572, 0.0820494182, -0.1487219445, 15.9261975865, 8.5958661157,], [ -0.0, -0.0, -0.0, 0.0, 0.0, 0.0, 0.0, -0.0, -0.0, -0.0, -0.0, 0.0, 0.0, 0.0, 0.0, -0.0, -0.0, 0.0, -0.0, 0.0, -0.0, -0.0, 8.5958661157, 9.0635362302,],]
