{"N_mic": 24, "N_edge_sub": 36, "N_edge_prod": 40, "N_edge": 21, "N_unbalanced": 14, "N_enzyme": 21, "N_phosphorylation": 0, "N_pme": 0, "N_competitive_inhibition": 0, "N_allostery": 0, "N_allosteric_enzyme": 0, "N_drain": 0, "N_km": 56, "N_sub_km": 36, "N_prod_km": 20, "S": [[-1, 0, 0, 0, 0, 0, -1, 0, 0, 0, 0, 0, 0, 0, 0, 0, 0, 0, 0, 0, 0], [-1, 0, 0, 0, 0, 0, 0, 0, 0, 0, 0, 0, 0, 0, 0, 0, 0, 0, 0, 0, 0], [1, 1, 0, 0, 0, 0, 1, 1, 0, 0, 0, 0, 0, 0, 0, 0, 0, 0, 0, 0, 0], [1, -1, 0, 0, 0, 0, 0, 0, 0, 0, 0, 0, 0, 0, 0, 0, 0, 0, 0, 0, 0], [0, 1, -1, -1, 0, 0, 0, 0, 0, 0, 0, 0, 0, 0, 0, 0, 0, 0, 0, 0, 0], [0, 0, 1, 1, -1, 0, 0, 0, 0, 0, 0, 0, 0, 0, 0, 0, 0, 0, 0, 0, 0], [0, 0, 0, 0, 1, -1, 0, 0, 0, 0, 0, 0, 0, 0, 0, 0, 0, 0, 0, 0, 0], [0, 0, 0, 0, 1, 0, 0, 0, 0, 0, 0, 0, 0, 0, 0, 0, 0, 0, 0, 0, 0], [0, 0, 0, 0, -1, 0, 0, 0, 0, 0, 0, 0, 0, 0, 0, 0, 0, 0, 0, 0, 0], [0, 0, 0, 0, 0, -1, 0, 0, 0, 0, 0, 0, 0, 0, 0, 0, 0, 0, 0, 0, 0], [0, 0, 0, 0, 0, 1, 0, 0, 0, 0, 0, 0, 0, 0, 0, 0, 0, 0, 0, 0, 0], [0, 0, 0, 0, 0, 1, -1, 0, 0, 0, 0, 0, 0, 0, 0, 0, 0, 0, 0, 0, 0], [0, 0, 0, 0, 0, 0, 1, -1, 0, 0, 0, 0, 0, 0, 0, 0, 0, 0, 0, 0, 0], [0, 0, 0, 0, 0, 0, 0, 1, -1, 0, 0, 0, 0, 0, 0, 0, 0, 0, 0, 0, 0], [0, 0, 0, 0, 0, 0, 0, 0, 1, -1, 0, 0, 0, 0, 0, -1, 0, 0, 0, 0, 0], [0, 0, 0, 0, 0, 0, 0, 0, 0, 1, 0, 0, 0, 0, 0, 1, 0, 0, 0, 0, 0], [0, 0, 0, 0, 0, 0, 0, 0, 0, 1, -1, -1, -1, -1, -1, 0, 0, 0, 0, 0, 0], [0, 0, 0, 0, 0, 0, 0, 0, 0, 0, 1, 1, 1, 1, 1, 0, 1, 1, 1, 1, 1], [0, 0, 0, 0, 0, 0, 0, 0, 0, 0, 1, 1, 1, 1, 1, 0, 0, 0, 0, 0, 0], [0, 0, 0, 0, 0, 0, 0, 0, 0, 0, -1, -1, -1, -1, -1, 0, -1, -1, -1, -1, -1], [0, 0, 0, 0, 0, 0, 0, 0, 0, 0, 0, 0, 0, 0, 0, -1, 0, 0, 0, 0, 0], [0, 0, 0, 0, 0, 0, 0, 0, 0, 0, 0, 0, 0, 0, 0, 1, 0, 0, 0, 0, 0], [0, 0, 0, 0, 0, 0, 0, 0, 0, 0, 0, 0, 0, 0, 0, 1, -1, -1, -1, -1, -1], [0, 0, 0, 0, 0, 0, 0, 0, 0, 0, 0, 0, 0, 0, 0, 0, 1, 1, 1, 1, 1]], "N_reaction": 12, "N_metabolite": 24, "balanced_mic_ix": [4, 5, 6, 7, 12, 13, 14, 15, 17, 23], "unbalanced_mic_ix": [1, 2, 3, 8, 9, 10, 11, 16, 18, 19, 20, 21, 22, 24], "ci_mic_ix": [], "edge_type": [2, 2, 2, 2, 2, 2, 2, 2, 2, 2, 1, 1, 1, 1, 1, 2, 1, 1, 1, 1, 1], "edge_to_enzyme": [1, 2, 3, 4, 5, 6, 7, 8, 9, 10, 11, 12, 13, 14, 15, 16, 17, 18, 19, 20, 21], "edge_to_tc": [0, 0, 0, 0, 0, 0, 0, 0, 0, 0, 0, 0, 0, 0, 0, 0, 0, 0, 0, 0, 0], "edge_to_drain": [0, 0, 0, 0, 0, 0, 0, 0, 0, 0, 0, 0, 0, 0, 0, 0, 0, 0, 0, 0, 0], "edge_to_reaction": [1, 2, 3, 3, 4, 5, 6, 7, 8, 9, 10, 10, 10, 10, 10, 11, 12, 12, 12, 12, 12], "water_stoichiometry": [-1.0, 0.0, 1.0, 1.0, 0.0, 0.0, 0.0, 0.0, 0.0, 1.0, 0.0, 0.0, 0.0, 0.0, 0.0, 0.0, 0.0, 0.0, 0.0, 0.0, 0.0], "transported_charge": [0.0, 0.0, 0.0, 0.0, 0.0, 0.0, 0.0, 0.0, 0.0, 0.0, 0.0, 0.0, 0.0, 0.0, 0.0, 0.0, 0.0, 0.0, 0.0, 0.0, 0.0], "mic_to_met": [1, 2, 3, 4, 5, 6, 7, 8, 9, 10, 11, 12, 13, 14, 15, 16, 17, 18, 19, 20, 21, 22, 23, 24], "subunits": [1, 1, 12, 1, 2, 1, 1, 4, 1, 1, 2, 2, 1, 1, 2, 1, 2, 2, 1, 1, 2], "sub_by_edge_long": [1, 2, 4, 5, 5, 6, 9, 7, 10, 12, 1, 13, 14, 15, 20, 17, 20, 17, 20, 17, 20, 17, 20, 17, 21, 15, 20, 23, 20, 23, 20, 23, 20, 23, 20, 23], "sub_by_edge_bounds": [[1, 2], [3, 3], [4, 4], [5, 5], [6, 7], [8, 9], [10, 11], [12, 12], [13, 13], [14, 14], [15, 16], [17, 18], [19, 20], [21, 22], [23, 24], [25, 26], [27, 28], [29, 30], [31, 32], [33, 34], [35, 36]], "prod_by_edge_long": [4, 3, 5, 3, 6, 6, 7, 8, 12, 11, 13, 3, 14, 3, 15, 16, 17, 18, 19, 18, 19, 18, 19, 18, 19, 18, 19, 22, 23, 16, 18, 24, 18, 24, 18, 24, 18, 24, 18, 24], "prod_by_edge_bounds": [[1, 2], [3, 4], [5, 5], [6, 6], [7, 8], [9, 10], [11, 12], [13, 14], [15, 15], [16, 17], [18, 19], [20, 21], [22, 23], [24, 25], [26, 27], [28, 30], [31, 32], [33, 34], [35, 36], [37, 38], [39, 40]], "sub_km_ix_by_edge_long": [1, 2, 3, 4, 5, 6, 7, 8, 9, 10, 11, 12, 13, 14, 17, 18, 21, 22, 25, 26, 29, 30, 33, 34, 35, 36, 39, 40, 43, 44, 47, 48, 51, 52, 55, 56], "sub_km_ix_by_edge_bounds": [[1, 2], [3, 3], [4, 4], [5, 5], [6, 7], [8, 9], [10, 11], [12, 12], [13, 13], [14, 14], [15, 16], [17, 18], [19, 20], [21, 22], [23, 24], [25, 26], [27, 28], [29, 30], [31, 32], [33, 34], [35, 36]], "prod_km_ix_by_edge_long": [15, 16, 19, 20, 23, 24, 27, 28, 31, 32, 37, 38, 41, 42, 45, 46, 49, 50, 53, 54], "prod_km_ix_by_edge_bounds": [[1, 0], [1, 0], [1, 0], [1, 0], [1, 0], [1, 0], [1, 0], [1, 0], [1, 0], [1, 0], [1, 2], [3, 4], [5, 6], [7, 8], [9, 10], [11, 10], [11, 12], [13, 14], [15, 16], [17, 18], [19, 20]], "ci_ix_long": [], "ci_ix_bounds": [[1, 0], [1, 0], [1, 0], [1, 0], [1, 0], [1, 0], [1, 0], [1, 0], [1, 0], [1, 0], [1, 0], [1, 0], [1, 0], [1, 0], [1, 0], [1, 0], [1, 0], [1, 0], [1, 0], [1, 0], [1, 0]], "allostery_ix_long": [], "allostery_ix_bounds": [[1, 0], [1, 0], [1, 0], [1, 0], [1, 0], [1, 0], [1, 0], [1, 0], [1, 0], [1, 0], [1, 0], [1, 0], [1, 0], [1, 0], [1, 0], [1, 0], [1, 0], [1, 0], [1, 0], [1, 0], [1, 0]], "allostery_type": [], "allostery_mic": [], "phosphorylation_ix_long": [], "phosphorylation_ix_bounds": [[1, 0], [1, 0], [1, 0], [1, 0], [1, 0], [1, 0], [1, 0], [1, 0], [1, 0], [1, 0], [1, 0], [1, 0], [1, 0], [1, 0], [1, 0], [1, 0], [1, 0], [1, 0], [1, 0], [1, 0], [1, 0]], "phosphorylation_type": [], "phosphorylation_pme": [], "priors_km": [[-6.868703790723504, -7.994442048173028, -9.461297638332718, -8.76369704480326, -8.76369704480326, -5.882581477529602, -8.407839480684782, -8.971974762289646, -8.274256405006817, -11.869591123237788, -11.29530079470291, -9.102092405226728, -9.102092405226728, -7.054076590905052, -8.822931942220483, -8.831487433963964, -8.986540188292201, -8.81734010826224, -8.822931942220483, -8.831487433963964, -8.986540188292201, -8.81734010826224, -8.822931942220483, -8.831487433963964, -8.986540188292201, -8.81734010826224, -8.822931942220483, -8.831487433963964, -8.986540188292201, -8.81734010826224, -8.822931942220483, -8.831487433963964, -8.986540188292201, -8.81734010826224, -7.006440304889106, -7.054076590905052, -7.3085813152429875, -9.353364760847288, -7.561605174320516, -9.516741355157126, -7.3085813152429875, -9.353364760847288, -7.561605174320516, -9.516741355157126, -7.3085813152429875, -9.353364760847288, -7.561605174320516, -9.516741355157126, -7.3085813152429875, -9.353364760847288, -7.561605174320516, -9.516741355157126, -7.3085813152429875, -9.353364760847288, -7.561605174320516, -9.516741355157126], [0.5, 0.5, 0.5, 0.5, 0.5, 0.5, 0.5, 0.5, 0.5, 0.5, 0.5, 0.5, 0.5, 0.5, 0.5, 0.5, 0.5, 0.5, 0.5, 0.5, 0.5, 0.5, 0.5, 0.5, 0.5, 0.5, 0.5, 0.5, 0.5, 0.5, 0.5, 0.5, 0.5, 0.5, 0.5, 0.5, 0.5, 0.5, 0.5, 0.5, 0.5, 0.5, 0.5, 0.5, 0.5, 0.5, 0.5, 0.5, 0.5, 0.5, 0.5, 0.5, 0.5, 0.5, 0.5, 0.5]], "priors_ki": [[], []], "priors_kcat": [[2.7053732880320114, 1.5045217424845405, 1.5835250556485116, 1.5835250556485116, 3.0715259669381125, 1.6998817252036447, 3.090869711166515, 2.780811075851319, 3.6635616461296463, -0.69, 4.6719705222921455, 4.6719705222921455, 4.6719705222921455, 4.6719705222921455, 4.6719705222921455, 1.2626284301178248, 4.6719705222921455, 4.6719705222921455, 4.6719705222921455, 4.6719705222921455, 4.6719705222921455], [0.5, 0.5, 0.5, 0.5, 0.5, 0.5, 0.5, 0.5, 0.5, 1.0, 0.5, 0.5, 0.5, 0.5, 0.5, 0.5, 0.5, 0.5, 0.5, 0.5, 0.5]], "priors_dissociation_constant": [[], []], "priors_transfer_constant": [[], []], "priors_kcat_pme": [[], []], "priors_drain_train": [[[]], [[]]], "priors_conc_enzyme_train": [[[0.5, 0.5, 0.5, 0.5, 0.5, 0.5, 0.5, 0.5, 0.5, 0.5, 0.5, 0.5, 0.5, 0.5, 0.5, 0.5, 0.5, 0.5, 0.5, 0.5, 0.5]], [[1.0, 1.0, 1.0, 1.0, 1.0, 1.0, 1.0, 1.0, 1.0, 1.0, 1.0, 1.0, 1.0, 1.0, 1.0, 1.0, 1.0, 1.0, 1.0, 1.0, 1.0]]], "priors_conc_unbalanced_train": [[[-2.3, -2.3, -2.3, -2.3, -2.3, -2.3, -2.3, -2.3, -2.3, -2.3, -2.3, -2.3, -2.3, -2.3]], [[2.0, 2.0, 2.0, 2.0, 2.0, 2.0, 2.0, 2.0, 2.0, 2.0, 2.0, 2.0, 2.0, 2.0]]], "priors_conc_pme_train": [[[]], [[]]], "priors_psi_train": [[0.0], [2.0]], "prior_loc_dgf": [-1187.9781843917, -1138.9134394262, -1055.4711071927, -1496.7156679548, -591.5718357627, -445.9189410256, -386.2676586394, -2016.5052486697, -1950.3238942947, -2263.6274533927, -1388.7412412051, -1287.3695438349, -1436.3548398059, -426.4442807261, -475.1137267338, -386.0, -2.89771049, -619.879903684, 272.4389963618, -344.6195708179, -1128.8599592068, -1062.6807489268, -166.0774663008, 108.8068652768], "prior_cov_dgf": [[1.4667078296, 0.1975506936, -0.0202493238, 0.0, -0.0588776374, 0.2230699628, 0.0659947693, 0.2349958901, 0.0779206965, 0.3779798438, 0.1437658365, 0.0, 0.0, 0.0260897191, 0.0, 0.0, 0.2200384905, 0.2389679419, 0.0, 0.0189294513, 0.0007818827, -0.1705275747, 0.2200384905, 0.0], [0.1975506936, 4.303509225, 0.0981342987, 0.0, -0.0244674406, -0.014864198, 0.0197426143, 0.0632593051, 0.0978661174, 0.2374458224, 0.1158320728, 0.0, 0.0, 0.0338259284, 0.0, 0.0, 0.0265496879, 0.0222727103, 0.0, -0.0042769777, -0.0583544446, -0.0142979796, 0.0265496879, 0.0], [-0.0202493238, 0.0981342987, 1.3986447876, 0.0, 0.1238529921, -0.2715254192, -0.1228401864, -0.065948247, 0.0827369858, 0.2588681125, 0.1180043227, 0.0, 0.0, 0.0458654621, 0.0, 0.0, -0.0545786316, -0.0713848892, 0.0, -0.0168062576, -0.2068120368, -0.0601524155, -0.0545786316, 0.0], [0.0, 0.0, 0.0, 2.7423399298, 0.8623073437, 0.8623073437, 0.8623073437, 1.2555321788, 1.2555321788, 0.0, 0.0, 1.2872937375, 1.8004719998, 1.0870323413, 2.1366620656, 0.0, 0.0, 0.0, 0.0, 0.0, 1.2555321788, 1.2555321788, 0.0, 0.0], [-0.0588776374, -0.0244674406, 0.1238529921, 0.8623073437, 39.1446130695, 35.9441423863, 35.4558460184, -4.5364547762, -4.5949578383, -0.0746767765, -0.0275670654, 32.0808192333, 32.3442012693, 35.7572546084, 47.3043136182, 0.0, 0.0942464455, 0.0950825918, 0.0, 0.0008361463, -4.4893450652, -4.5384688463, 0.0942464455, 0.0], [0.2230699628, -0.014864198, -0.2715254192, 0.8623073437, 35.9441423863, 38.811827417, 37.793548541, -4.2776946306, -4.5318215768, 0.1634252444, 0.0589599159, 32.0808192332, 32.3442012693, 35.6826874489, 47.3043136182, 0.0, 0.1327141896, 0.1054069451, 0.0, -0.0273072445, -4.3821599591, -4.620834033, 0.1327141896, 0.0], [0.0659947693, 0.0197426143, -0.1228401864, 0.8623073437, 35.4558460184, 37.793548541, 39.9623551378, -4.4739252846, -4.3748219607, 0.0747449712, 0.0260976496, 32.0808192333, 32.3442012693, 35.7157393734, 47.3043136182, 0.0, -0.090435718, -0.0976861521, 0.0, -0.0072504341, -4.5225726062, -4.4892169338, -0.090435718, 0.0], [0.2349958901, 0.0632593051, -0.065948247, 1.2555321788, -4.5364547762, -4.2776946306, -4.4739252846, 46.9519780545, 46.4784222986, 0.642006242, 0.4027584316, -1.0379842972, 2.5628656363, 6.5399272194, 7.5992077734, 0.0, 0.0840814405, 0.0312683506, 0.0, -0.0528130899, 41.2778854727, 41.0894791737, 0.0840814405, 0.0], [0.0779206965, 0.0978661174, 0.0827369858, 1.2555321788, -4.5949578383, -4.5318215768, -4.3748219607, 46.4784222986, 46.9287684494, 0.5533259689, 0.3698961653, -1.0379842972, 2.5628656363, 6.5729791439, 7.5992077734, 0.0, -0.1390684672, -0.1718247466, 0.0, -0.0327562794, 41.1374728256, 41.2210962729, -0.1390684672, 0.0], [0.3779798438, 0.2374458224, 0.2588681125, 0.0, -0.0746767765, 0.1634252444, 0.0747449712, 0.642006242, 0.5533259689, 2.2840123121, 1.695559566, 0.0, 0.0, -0.0988809633, 0.0, 0.0, -0.1079815056, -0.1523977297, 0.0, -0.0444162241, 0.1175088882, 0.0286922256, -0.1079815056, 0.0], [0.1437658365, 0.1158320728, 0.1180043227, 0.0, -0.0275670654, 0.0589599159, 0.0260976496, 0.4027584316, 0.3698961653, 1.695559566, 2.2425191805, 0.0, 0.0, -0.0716649559, 0.0, 0.0, -0.1100135279, -0.0775218776, 0.0, 0.0324916503, 0.2097622169, 0.1798387823, -0.1100135279, 0.0], [0.0, 0.0, 0.0, 1.2872937375, 32.0808192333, 32.0808192332, 32.0808192333, -1.0379842972, -1.0379842972, 0.0, 0.0, 33.5346991288, 32.5076001064, 35.2679342296, 43.401836623, 0.0, 0.0, 0.0, 0.0, 0.0, -1.0379842972, -1.0379842972, 0.0, 0.0], [0.0, 0.0, 0.0, 1.8004719998, 32.3442012693, 32.3442012693, 32.3442012693, 2.5628656363, 2.5628656363, 0.0, 0.0, 32.5076001064, 37.8637299872, 40.6088782307, 47.1392892982, 0.0, 0.0, 0.0, 0.0, 0.0, 2.5628656363, 2.5628656363, 0.0, 0.0], [0.0260897191, 0.0338259284, 0.0458654621, 1.0870323413, 35.7572546084, 35.6826874489, 35.7157393734, 6.5399272194, 6.5729791439, -0.0988809633, -0.0716649559, 35.2679342296, 40.6088782307, 60.1789837218, 71.1720358194, 0.0, 0.3948800579, 0.1954356471, 0.0, -0.1994444108, 6.5671432268, 6.5997340873, 0.3948800579, 0.0], [0.0, 0.0, 0.0, 2.1366620656, 47.3043136182, 47.3043136182, 47.3043136182, 7.5992077734, 7.5992077734, 0.0, 0.0, 43.401836623, 47.1392892982, 71.1720358194, 107.6672738346, 0.0, 0.0, 0.0, 0.0, 0.0, 7.5992077734, 7.5992077734, 0.0, 0.0], [0.0, 0.0, 0.0, 0.0, 0.0, 0.0, 0.0, 0.0, 0.0, 0.0, 0.0, 0.0, 0.0, 0.0, 0.0, 9.6859334517, 0.0, 0.0, 0.0, 0.0, 0.0, 0.0, 0.0, 0.0], [0.2200384905, 0.0265496879, -0.0545786316, 0.0, 0.0942464455, 0.1327141896, -0.090435718, 0.0840814405, -0.1390684672, -0.1079815056, -0.1100135279, 0.0, 0.0, 0.3948800579, 0.0, 0.0, 15.0914171059, 0.6016507806, 8.5958661157, -0.4570921572, 0.0820494182, -0.1487219445, 1.0587429378, 0.0], [0.2389679419, 0.0222727103, -0.0713848892, 0.0, 0.0950825918, 0.1054069451, -0.0976861521, 0.0312683506, -0.1718247466, -0.1523977297, -0.0775218776, 0.0, 0.0, 0.1954356471, 0.0, 0.0, 0.6016507806, 2.0709119309, 0.0, 1.1011531499, 0.1061442027, -0.0917417739, 0.6016507806, 0.0], [0.0, 0.0, 0.0, 0.0, 0.0, 0.0, 0.0, 0.0, 0.0, 0.0, 0.0, 0.0, 0.0, 0.0, 0.0, 0.0, 8.5958661157, 0.0, 9.0659970743, 0.0, 0.0, 0.0, 0.0, 0.0], [0.0189294513, -0.0042769777, -0.0168062576, 0.0, 0.0008361463, -0.0273072445, -0.0072504341, -0.0528130899, -0.0327562794, -0.0444162241, 0.0324916503, 0.0, 0.0, -0.1994444108, 0.0, 0.0, -0.4570921572, 1.1011531499, 0.0, 1.6139476196, 0.0240947845, 0.0569801706, -0.4570921572, 0.0], [0.0007818827, -0.0583544446, -0.2068120368, 1.2555321788, -4.4893450652, -4.3821599591, -4.5225726062, 41.2778854727, 41.1374728256, 0.1175088882, 0.2097622169, -1.0379842972, 2.5628656363, 6.5671432268, 7.5992077734, 0.0, 0.0820494182, 0.1061442027, 0.0, 0.0240947845, 44.9218061353, 44.6789721766, 0.0820494182, 0.0], [-0.1705275747, -0.0142979796, -0.0601524155, 1.2555321788, -4.5384688463, -4.620834033, -4.4892169338, 41.0894791737, 41.2210962729, 0.0286922256, 0.1798387823, -1.0379842972, 2.5628656363, 6.5997340873, 7.5992077734, 0.0, -0.1487219445, -0.0917417739, 0.0, 0.0569801706, 44.6789721766, 46.1405675491, -0.1487219445, 0.0], [0.2200384905, 0.0265496879, -0.0545786316, 0.0, 0.0942464455, 0.1327141896, -0.090435718, 0.0840814405, -0.1390684672, -0.1079815056, -0.1100135279, 0.0, 0.0, 0.3948800579, 0.0, 0.0, 1.0587429378, 0.6016507806, 0.0, -0.4570921572, 0.0820494182, -0.1487219445, 15.9261975865, 8.5958661157], [0.0, 0.0, 0.0, 0.0, 0.0, 0.0, 0.0, 0.0, 0.0, 0.0, 0.0, 0.0, 0.0, 0.0, 0.0, 0.0, 0.0, 0.0, 0.0, 0.0, 0.0, 0.0, 8.5958661157, 9.0635362302]], "N_experiment_train": 1, "N_flux_measurement_train": 4, "N_enzyme_measurement_train": 21, "N_conc_measurement_train": 8, "N_enzyme_knockout_train": 0, "N_pme_knockout_train": 0, "temperature_train": [298.15], "enzyme_knockout_train_long": [], "enzyme_knockout_train_bounds": [[1, 0]], "pme_knockout_train_long": [], "pme_knockout_train_bounds": [[1, 0]], "yconc_train": [2.88e-06, 8.11e-07, 2.75e-06, 1.7e-06, 3.27e-07, 6.72e-05, 1.23e-06, 9.49e-05], "sigma_yconc_train": [0.3, 0.3, 0.3, 0.3, 0.3, 0.3, 0.3, 0.3], "experiment_yconc_train": [1, 1, 1, 1, 1, 1, 1, 1], "mic_ix_yconc_train": [1, 8, 11, 10, 18, 20, 21, 24], "yflux_train": [1.0526819333333334e-09, 8.546143666666667e-10, 4.941118e-10, 3.5910511e-10], "sigma_yflux_train": [2e-06, 2e-06, 2e-06, 2e-06], "experiment_yflux_train": [1, 1, 1, 1], "reaction_yflux_train": [1, 8, 10, 12], "yenz_train": [3.7457e-06, 1.07915025e-06, 5.9531125e-07, 1.56579e-05, 6.947995e-07, 6.8647275e-07, 2.6454965e-06, 3.38060275e-06, 1.29e-06, 6.63e-07, 2.126355e-06, 6.48e-06, 1.65e-05, 2.41e-07, 1.18e-06, 2.89e-07, 2.126355e-06, 6.48e-06, 1.65e-05, 2.41e-07, 1.18e-06], "sigma_yenz_train": [0.2, 0.2, 0.2, 0.2, 0.2, 0.2, 0.2, 0.2, 0.2, 0.2, 0.2, 0.2, 0.2, 0.2, 0.2, 0.2, 0.2, 0.2, 0.2, 0.2, 0.2], "experiment_yenz_train": [1, 1, 1, 1, 1, 1, 1, 1, 1, 1, 1, 1, 1, 1, 1, 1, 1, 1, 1, 1, 1], "enzyme_yenz_train": [1, 2, 3, 4, 5, 6, 7, 8, 9, 10, 11, 12, 13, 14, 15, 16, 17, 18, 19, 20, 21], "likelihood": 1, "drain_small_conc_corrector": 1e-06, "reject_non_steady": 0, "steady_state_threshold_abs": 1e-05, "steady_state_threshold_rel": 0.001, "rel_tol": 1e-08, "abs_tol": 1e-08, "timepoint": 10000000.0, "max_num_steps": 10000000, "conc_init": [[0.01, 0.01, 0.01, 0.01, 0.01, 0.01, 0.01, 0.01, 0.01, 0.01]]}